0.005
1.0
1.005012520859401
1.010050167084168
1.015113064615719
1.0202013400267558
1.0253151205244289
1.030454533953517
1.0356197087996233
1.0408107741923882
1.046027859908717
1.0512710963760241
1.0565406146754943
1.0618365465453596
1.0671590243841926
1.0725081812542165
1.0778841508846315
1.0832870676749586
1.0887170666983987
1.0941742837052104
1.0996588551261028
1.1051709180756477
1.1107106103557052
1.1162780704588713
1.1218734375719384
1.1274968515793757
1.1331484530668263
1.1388283833246218
1.1445367843513146
1.1502737988572274
1.1560395702680215
1.161834242728283
1.167657961105125
1.1735108709918103
1.1793931187113906
1.1853048513203654
1.191246216612358
1.1972173631218102
1.2032184401276953
1.2092495976572515
1.2153109864897307
1.2214027581601699
1.2275250649631777
1.2336780599567432
1.2398618969660617
1.2460767305873808
1.2523227161918644
1.2586000099294778
1.2649087687328917
1.2712491503214047
1.2776213132048866
1.2840254166877414
1.2904616208728898
1.2969300866657718
1.3034309757783689
1.3099644507332473
1.3165306748676215
1.3231298123374369
1.3297620281214737
1.336427488025472
1.3431263586862767
1.3498588075760032
1.3566250030062241
1.3634251141321778
1.3702593109569967
1.3771277643359572
1.3840306459807514
1.3909681284637803
1.397940385222467
1.4049475905635938
1.411989919667659
1.4190675485932573
1.42618065428148
1.4333294145603401
1.4405140081492172
1.4477346146633245
1.4549914146182013
1.4622845894342245
1.4696143214411443
1.4769807938826427
1.4843841909209141
1.4918246976412703
1.499302500056767
1.5068177851128537
1.5143707406920484
1.5219615556186337
1.5295904196633787
1.5372575235482815
1.5449630589513383
1.552707218511336
1.5604901958326667
1.568312185490169
1.5761733830339912
1.5840739849944818
1.5920141888871011
1.5999941932173602
1.608014197485783
1.6160744021928934
1.6241750088442293
1.632316219955379
1.640498239057044
1.6487212707001282
1.6569855204608508
1.6652911949458864
1.6736385017975295
1.6820276496988864
1.6904588483790914
1.6989323086185506
1.7074482422542117
1.7160068621848585
1.7246083823764355
1.7332530178673953
1.7419409847740754
1.7506725002961012
1.7594477827218151
1.7682670514337353
1.7771305269140385
1.7860384307500734
1.7949909856399
1.803988415397857
1.8130309449601565
1.8221188003905089
1.8312522088857732
1.8404313987816374
1.8496565995583272
1.858928041846342
1.8682459574322223
1.8776105792643432
1.8870221414587378
1.8964808793049515
1.9059870292719228
1.9155408290138962
1.9251425173763628
1.9347923344020317
1.944490521336831
1.9542373206359396
1.9640329759698474
1.9738777322304477
1.98377183553716
1.9937155332430825
2.003709073941175
2.0137527074704766
2.0238466849223475
2.0339912586467506
2.0441866822585566
2.0544332106438876
2.0647310999664863
2.0750806076741224
2.0854819925050276
2.0959355144943643
2.1064414349807272
2.117000016612675
2.127611523355298
2.1382762204968184
2.1489943746552203
2.159766253784915
2.1705921271834425
2.181472265498201
2.192406940733216
2.203396426255937
2.2144409968040746
2.225540928492468
2.236696498819987
2.2479079866764717
2.2591756723497016
2.270499837532406
2.281880765329304
2.293318740264183
2.3048140482870125
2.3163669767810915
2.3279778145702346
2.3396468519259908
2.351374380574902
2.3631606937057947
2.375006085977112
2.3869108535242765
2.398875293967098
2.4108997064172097
2.4229843914855502
2.4351296512898744
2.447335789462311
2.45960311115695
2.471931923057472
2.4843225333848165
2.496775251904888
2.509290389936298
2.521868260358148
2.534509177617855
2.5472134577390078
2.5599814183292717
2.572813378588326
2.5857096593158464
2.598670582919522
2.611696473423118
2.624787656474575
2.6379444593541526
2.6511672109826065
2.664456241929417
2.67781188442105
2.691234472349262
2.7047243412794524