0.01
0.7071067811865475
0.7169673183791092
0.7265564473923977
0.7358847782575699
0.7449621080933739
0.7537975047177158
0.7623993794215638
0.7707755505762469
0.7789332994485776
0.7868794193607929
0.7946202591409997
0.8021617616547428
0.8095094980818763
0.8166686984992766
0.8236442792445251
0.8304408674649654
0.8370628231976948
0.8435142592768815
0.8497990593235304
0.855920894038046
0.8618832359865338
0.8676893730468006
0.8733424206587476
0.8788453330056499
0.884200913237225
0.8894118228319622
0.894480590184608
0.8994096184946744
0.9042011930231383
0.9088574877769328
0.9133805716742219
0.9177724142376799
0.9220348908579276
0.9261697876648327
0.9301788060404581
0.9340635668039854
0.9378256140958798
0.9414664189858527
0.9449873828267635
0.948389840374467
0.9516750626916931
0.9548442598523431
0.9578985834610572
0.9608391290015362
0.963666938025873
0.9663830001960365
0.968988255187659
0.9714835944653696
0.9738698629381062
0.9761478605020946
0.9783183434785159
0.9803820259522705
0.9823395810176894
0.9841916419365389
0.985938803213197
0.9875816215914522
0.9891206169769858
0.9905562732892383
0.9918890392460212
0.9931193290839354
0.9942475232173611
0.9952739688385244
0.9961989804608912
0.9970228404079066
0.9977457992488773
0.9983680761835846
0.99888985937702
0.9993113062454431
0.9996325436947842
0.9998536683122364
0.9999747465117139
0.9999958146336901
0.9999168789997639
0.9997379159221478
0.9994588716681093
0.9990796623792425
0.9986001739452843
0.9980202618320347
0.997339750862771
0.996558434952384
0.9956760767932893
0.994692407491988
0.9936071261549697
0.9924198994224516
0.9911303609482457
0.9897381108238335
0.9882427149444927
0.986643704315085
0.9849405742928472
0.9831327837642556
0.9812197542527288
0.9792008689536159
0.9770754716925645
0.974842865802986
0.9725023129179228
0.9700530316711763
0.9674941963020612
0.9648249351576182
0.962044329085533
0.9591514097103565
0.9561451575849218
0.9530245002080618
0.9497883098988726
0.9464354015168114
0.9429645300158531
0.9393743878197606
0.9356636020042036
0.9318307312700155
0.9278742626902325
0.9237926082117531
0.9195841008903995
0.9152469908358811
0.9107794408405728
0.906179521663118
0.9014452069345803
0.8965743676511498
0.8915647662131957
0.8864140499656588
0.8811197441893197
0.8756792444862349
0.8700898084954874
0.8643485468672029
0.8584524134133331
0.8523981943428242
0.8461824964761667
0.8398017343196957
0.83325211586296
0.826529626942574
0.8196300139926317
0.8125487649743199
0.8052810882449827
0.7978218890885074
0.7901657435832595
0.7823068694292645
0.7742390932909209
0.7659558141326942
0.7574499619297694
0.7487139510194398
0.7397396272168141
0.7305182076434522
0.7210402120009209